
% Magnetometer data:
M = [11.00 2.27 -60.41; 
-7.82 1.00 -56.43; 
-13.36 -0.27 -53.88; 
-2.64 5.27 -56.94;
31.00 14.73 -47.45;
32.82 3.18 -52.45; 
28.00 -7.36 -56.12;
28.64 -11.55 -53.88;
29.45 -8.73 -52.76;
25.36 2.00 -58.16;
6.45 8.36 -57.76;
1.73 -3.82 -60.41; 
8.18 -10.09 -62.04; 
24.36 -12.27 -59.18;
21.55 -12.73 -59.80;
13.55 1.73 -59.90;
13.09 16.00 -52.35;
18.36 21.27 -46.33;
26.82 23.18 -39.08;
30.82 18.91 -42.35;
31.27 4.64 -48.98;
30.64 -7.36 -50.00;
30.82 -8.00 -50.82;
30.09 -10.00 -51.94;
30.73 -5.91 -50.71;
27.27 13.91 -49.90;
10.73 18.45 -51.53;
4.64 8.36 -57.65;
8.09 7.73 -58.27;
9.82 9.82 -56.53;
9.55 9.91 -56.63;
8.64 8.45 -57.55;
7.91 7.91 -57.65;
7.64 10.45 -56.5; 
12.64 13.91 -54.49; 
18.82 9.00 -56.22;
26.00 2.64 -59.49;
31.73 -3.00 -58.78; 
36.73 -8.18 -55.00;
32.00 -10.82 -56.73; 
28.09 -13.36 -58.88;
0.00 0.00 0.00;
25.55 -17.91 -58.16; 
26.73 -16.36 -57.96;
28.73 -8.18 -58.16;
29.45 -1.18 -56.94;
30.64 2.09 -55.82;
25.82 5.27 -57.04;
19.27 7.18 -57.96;
15.91 8.64 -57.14;
13.73 7.91 -57.65;
12.09 8.27 -57.76;
10.45 8.09 -57.65;
11.09 7.36 -58.16;
16.00 6.64 -58.47;
20.36 5.55 -57.76;
23.36 4.00 -57.96;
28.00 0.73 -56.22;
30.36 -5.18 -52.7; 
29.91 -10.00 -50.71; 
30.55 -7.91 -52.24;
20.91 -5.18 -57.65;
25.73 -1.00 -56.02;
28.09 9.18 -49.80;
27.18 15.45 -45.31; 
26.55 18.82 -43.57;
26.00 19.82 -43.37;
18.45 20.36 -47.55;
11.00 17.64 -51.43;
9.27 15.18 -53.78;
9.91 15.18 -53.27;
15.82 18.18 -50.31; 
30.18 18.18 -44.49;
35.27 13.18 -46.53;
40.64 2.64 -48.47;
0.00 0.00 0.00;
39.18 -4.82 -51.63; 
35.18 -8.09 -55.00;
33.91 -8.45 -55.82;
34.82 -6.91 -55.51;
33.73 -1.73 -54.90;
29.00 5.36 -56.33;
21.91 9.91 -57.55;
14.82 8.27 -58.88;
3.36 5.55 -58.47;
-3.73 2.82 -57.55; 
2.73 2.18 -59.59;
16.27 -0.09 -61.12; 
19.82 -4.73 -61.73;
21.00 -8.73 -61.43;
22.64 -10.18 -61.22; 
22.82 -11.27 -60.71;
23.18 -11.27 -61.02;
23.00 -9.82 -61.02;
26.18 -7.00 -60.61;
29.18 -2.64 -59.08;
36.09 9.64 -50.71;
44.36 8.45 -41.02;
50.18 3.64 -31.12;
50.82 -1.18 -25.51;
24.18 1.18 -58.88;
24.18 1.36 -58.57 ;
24.45 1.18 -58.57 ;
24.00 1.45 -58.37 ;
24.27 1.00 -58.47 ;
24.00 1.45 -58.57 ;
24.18 1.45 -58.47 ;
24.18 1.45 -58.57 ;
24.27 1.18 -58.88 ;
25.27 1.73 -57.35 ;
22.73 1.64 -58.57 ;
18.45 5.18 -57.96 ;
18.82 10.45 -55.41 ;
18.00 19.45 -48.57 ;
17.55 23.18 -44.39 ;
18.55 28.55 -33.47 ;
21.55 30.45 -22.45 ;
22.73 29.64 -16.12 ;
25.73 26.55 -6.63 ;
26.36 24.45 -2.04 ;
28.27 18.27 5.10 ;
28.55 15.73 7.55 ;
29.00 10.18 11.33 ;
28.91 8.36 12.14 ;
28.36 4.82 14.18 ;
26.91 3.45 15.00 ;
22.00 2.45 17.35 ;
17.00 3.73 18.37 ;
16.36 5.82 17.86 ;
15.09 8.64 17.24 ;
15.09 9.36 16.33 ;
15.55 10.55 14.90 ;
15.18 10.36 15.00 ;
14.82 12.09 14.80 ;
13.18 14.09 14.29 ;
6.18 19.36 11.84 ;
2.45 22.36 8.67 ;
-6.73 26.36 0.51 ;
-13.82 27.82 -9.80; 
-15.09 28.18 -13.67; 
-16.91 27.73 -22.35 ;
-16.00 27.55 -25.71 ;
-12.82 25.09 -37.35 ;
-12.09 22.82 -41.63 ;
-9.82 17.91 -48.37 ;
-8.64 15.64 -51.12 ;
-3.00 11.09 -56.02 ;
1.00 8.73 -58.06 ;
9.91 4.91 -59.90 ;
18.00 1.45 -59.80 ;
21.18 -0.18 -59.59 ;
24.27 -2.73 -59.08 ;
24.64 -4.09 -59.49 ;
26.64 -5.82 -58.78 ;
26.73 -6.55 -58.78 ;
27.36 -8.27 -58.67 ;
28.00 -9.27 -58.16 ;
29.45 -11.09 -57.45 ;
29.82 -13.73 -56.53 ;
31.64 -18.55 -55.00 ;
31.91 -19.18 -54.59 ;
32.18 -15.09 -55.51 ;
31.82 -8.00 -55.41 ;
31.55 -3.73 -55.20 ;
29.36 8.18 -51.43 ;
27.64 14.09 -47.55 ;
23.82 22.91 -39.49 ;
22.36 25.82 -34.69 ;
19.00 29.36 -26.73 ;
17.00 30.55 -23.37 ;
8.64 32.36 -16.22 ;
3.73 32.64 -12.24 ;
-0.09 31.45 -6.02 ;
1.55 29.55 0.20 ;
5.00 28.36 2.65 ;
16.91 22.55 6.84 ;
23.27 17.55 8.16 ;
29.27 7.64 11.02 ;
30.45 2.27 12.24 ;
31.18 -9.82 13.57 ;
30.18 -16.73 13.78 ;
26.64 -27.00 13.57 ;
25.45 -29.82 12.55 ;
24.36 -34.82 10.82 ;
22.64 -39.55 7.55 ;
21.73 -41.64 6.22 ;
22.09 -43.45 3.88 ;
22.64 -43.27 3.37 ;
29.55 -39.36 2.55 ;
33.45 -35.91 1.84 ;
40.27 -23.91 1.94 ;
41.55 -18.45 2.65 ;
42.00 -8.09 2.45 ;
40.18 -0.55 3.06 ;
29.91 14.36 5.41 ;
15.64 22.09 8.27 ;
7.27 23.73 9.69 ;
-7.82 22.00 11.02; 
-14.45 20.18 9.39 ;
-24.73 14.64 7.24 ;
-28.73 11.45 5.31 ;
-32.18 4.73 4.49 ;
-32.36 1.73 6.22 ;
-32.55 -4.73 7.96 ;
-32.00 -7.18 8.98 ;
-30.09 -10.18 11.53; 
-29.27 -9.55 12.35 ;
-25.45 -3.82 14.80 ;
-15.45 3.64 18.67 ;
-10.09 6.73 19.39 ;
4.55 8.64 19.80 ;
11.18 6.27 19.80 ;
17.64 -4.27 20.71 ;
20.82 -9.55 20.00 ;
22.73 -14.45 18.67 
23.73 -16.45 17.65 ;
23.36 -22.45 16.43 ;
23.09 -25.18 15.82 ;
23.09 -28.45 14.08 ;
24.55 -30.09 12.65 ;
24.73 -31.73 11.43 ;
24.36 -34.91 9.39 ;
24.36 -36.18 8.47 ;
22.27 -40.27 6.53 ;
20.27 -41.82 5.82 ;
21.27 -42.27 4.90 ;
21.91 -39.55 7.24 ;
23.18 -34.73 10.31 ;
24.73 -33.36 10.10 ;
27.00 -32.27 9.08 ;
29.00 -34.91 5.31 ;
30.45 -35.55 3.47 ;
32.82 -34.73 1.33 ;
33.55 -34.09 0.20 ;
34.82 -33.82 -1.33 ;
35.36 -34.09 -2.24 ;
37.36 -32.18 -4.69 ;
38.27 -31.36 -5.82 ;
39.91 -30.00 -8.78 ;
41.18 -28.55 -10.92 ;
43.09 -25.64 -14.18 ;
44.64 -23.82 -16.53 ;
44.64 -23.45 -17.24 ;
45.55 -20.73 -18.98 ;
46.45 -17.64 -20.82 ;
47.09 -14.64 -21.53 ;
47.00 -13.36 -22.14 ;
47.00 -12.00 -22.45 ;
46.82 -11.55 -23.27 ;
46.09 -7.91 -28.78 ;
44.64 -5.36 -33.27 ;
40.45 -1.82 -40.10 ;
35.00 1.91 -46.22 ;
32.55 3.36 -48.27 ;
26.00 6.55 -52.24 ;
22.55 7.45 -53.98 ;
12.73 8.73 -57.14 ;
8.00 9.91 -57.04 ;
1.55 14.36 -54.90 ;
-1.73 16.00 -53.67 ;
-8.27 17.73 -50.00 ;
-10.45 19.45 -48.06 ;
-12.27 22.27 -43.37 ;
0.00 0.00 0.00 ;
-9.64 28.09 -34.59 ;
-1.64 32.09 -24.49 ;
2.36 32.36 -20.92 ;
10.09 31.18 -14.80 ;
12.36 29.91 -13.98 ;
20.82 25.82 -13.16 ;
24.64 23.36 -13.06 ;
32.27 17.27 -13.37 ;
34.73 14.00 -14.29 ;
38.27 8.18 -14.69 ;
39.27 6.36 -16.02 ;
41.18 3.73 -18.37 ;
42.82 2.45 -20.31 ;
43.45 0.64 -21.84 ;
44.36 -0.64 -22.65 ;
44.18 0.73 -22.35 ;
43.00 3.00 -21.12 ;
42.00 4.45 -19.59 ;
39.45 9.73 -18.06 ;
37.55 13.27 -17.96 ;
30.82 21.27 -17.86 ;
27.27 24.55 -18.27 ;
19.82 29.09 -21.12 ;
12.64 31.27 -26.43 ;
9.45 31.55 -29.49 ;
3.91 29.55 -37.96 ;
1.82 28.09 -41.02 ;
0.64 23.09 -48.27 ;
0.18 19.45 -51.43 ;
-1.09 11.82 -57.04 ;
-0.82 8.55 -58.47 ;
0.73 4.82 -60.10 ;
1.55 4.55 -60.20 ;
3.55 4.45 -60.31 ;
5.55 3.64 -60.41 ;
6.45 3.09 -60.51 ;
8.73 0.36 -61.12 ;
11.27 -0.09 -61.02; 
16.09 -1.27 -60.31 ;
17.09 -1.82 -60.31 ;
19.09 -1.00 -59.49 ;
21.18 -0.18 -58.27 ;
25.00 -0.09 -56.73 ;
27.64 -0.27 -55.10 ;
32.91 -2.82 -52.35 ;
36.64 -5.18 -49.80 ;
37.55 -6.09 -48.98 ;
37.18 -4.64 -49.39 ;
36.09 -1.91 -49.18 ;
35.00 3.36 -47.45 ;
34.55 6.73 -46.22 ;
29.64 16.36 -42.24 ;
28.00 19.73 -37.86 ;
28.18 22.27 -33.47 ;
27.27 23.45 -31.02 ;
26.09 25.00 -26.43 ;
25.45 25.82 -23.57 ;
26.18 25.91 -15.61 ;
28.73 22.82 -9.18 ;
31.00 19.09 -6.43 ;
33.91 13.36 -3.37 ;
35.09 10.27 -1.94 ;
38.27 3.64 -1.43 ;
40.00 -0.18 -1.02 ;
41.73 -9.00 -1.02 ;
41.27 -13.36 -0.20 ;
39.55 -21.27 0.82 ;
37.09 -26.82 1.33 ;
32.73 -36.00 1.12 ;
27.64 -43.18 -1.33 ;
25.09 -46.27 -3.37 ;
19.27 -50.45 -6.53 ;
17.00 -52.00 -7.45 ;
12.36 -53.64 -9.90 ;
13.00 -53.27 -9.29 ;
12.82 -53.64 -10.10 ;
14.36 -53.36 -10.41 ;
21.27 -49.91 -7.55 ;
24.55 -48.18 -6.84 ;
30.45 -44.00 -6.33 ;
33.18 -40.00 -3.06 ;
33.82 -37.00 -0.51 ;
32.18 -35.64 3.57 ;
30.09 -34.91 6.94 ;
22.27 -31.82 14.59 ;
18.73 -29.45 17.45 ;
13.82 -21.82 22.14 ;
11.45 -20.36 23.27 ;
8.09 -20.45 23.88 ;
5.73 -22.09 23.88 ;
0.36 -23.27 23.88 ;
-5.82 -20.45 24.18 ;
-10.18 -18.64 23.78 ;
-15.73 -17.18 22.35 ;
-17.45 -17.36 21.53 ;
-23.18 -13.91 18.78 ;
-28.00 -10.55 15.71 ;
-36.91 3.00 0.41 ;
-36.91 9.73 -7.55 ;
-35.18 15.27 -20.31; 
-33.27 16.64 -25.51 ;
-25.73 22.36 -33.06 ;
-20.09 19.55 -43.88 ;
-15.91 17.45 -48.98 ;
-7.91 14.55 -54.69 ;
-4.55 13.36 -56.12 ;
5.55 13.45 -56.94 ;
11.27 13.55 -55.71 ;
25.00 12.55 -50.71 ;
29.73 11.27 -48.67 ;
36.91 7.55 -42.96 ;
